date,index,min_long,min_lat,max_long,max_lat,no2
2010-10-10T00:00:00.000-0700,20,-117.36959999999999, 32.5343, -117.01759999999999, 32.8863,0.01704347826086956
2010-10-10T00:00:00.000-0700,21,-117.0176, 32.5343, -116.6656, 32.8863,0.015228571428571439
2010-10-10T00:00:00.000-0700,22,-116.6656, 32.5343, -116.3136, 32.8863,0.010776666666666667
2010-10-10T00:00:00.000-0700,25,-115.6096, 32.5343, -115.2576, 32.8863,0.015647826086956515
2010-10-10T00:00:00.000-0700,49,-117.7216, 32.8863, -117.36959999999999, 33.238299999999995,0.009130434782608695
2010-10-10T00:00:00.000-0700,50,-117.36959999999999, 32.8863, -117.01759999999999, 33.238299999999995,0.02373913043478261
2010-10-10T00:00:00.000-0700,107,-118.4256, 33.5903, -118.0736, 33.942299999999996,0.02633026716417911
2010-10-10T00:00:00.000-0700,108,-118.0736, 33.5903, -117.7216, 33.942299999999996,0.021458034782608694
2010-10-10T00:00:00.000-0700,110,-117.36959999999999, 33.5903, -117.01759999999999, 33.942299999999996,0.013678765217391304
2010-10-10T00:00:00.000-0700,111,-117.0176, 33.5903, -116.6656, 33.942299999999996,0.016665104347826087
2010-10-10T00:00:00.000-0700,112,-116.6656, 33.5903, -116.3136, 33.942299999999996,0.009073326086956521
2010-10-10T00:00:00.000-0700,134,-119.4816, 33.9423, -119.1296, 34.2943,0.005863636363636365
2010-10-10T00:00:00.000-0700,136,-118.77759999999999, 33.9423, -118.42559999999999, 34.2943,0.0221240611111111
2010-10-10T00:00:00.000-0700,137,-118.4256, 33.9423, -118.0736, 34.2943,0.03178355797101449
2010-10-10T00:00:00.000-0700,138,-118.0736, 33.9423, -117.7216, 34.2943,0.02219595522388059
2010-10-10T00:00:00.000-0700,139,-117.7216, 33.9423, -117.36959999999999, 34.2943,0.021856102238805963
2010-10-10T00:00:00.000-0700,160,-120.8896, 34.2943, -120.5376, 34.6463,0.0010869565217391307
2010-10-10T00:00:00.000-0700,161,-120.5376, 34.2943, -120.1856, 34.6463,0.004478260869565221
2010-10-10T00:00:00.000-0700,162,-120.1856, 34.2943, -119.83359999999999, 34.6463,0.00465217391304348
2010-10-10T00:00:00.000-0700,163,-119.8336, 34.2943, -119.4816, 34.6463,0.007318840579710148
2010-10-10T00:00:00.000-0700,164,-119.4816, 34.2943, -119.1296, 34.6463,0.002086956521739131
2010-10-10T00:00:00.000-0700,166,-118.77759999999999, 34.2943, -118.42559999999999, 34.6463,0.01184914347826087
2010-10-10T00:00:00.000-0700,170,-117.36959999999999, 34.2943, -117.01759999999999, 34.6463,0.017875000000000005
2010-10-10T00:00:00.000-0700,191,-120.5376, 34.646300000000004, -120.1856, 34.9983,0.00730434782608696
2010-10-10T00:00:00.000-0700,197,-118.4256, 34.646300000000004, -118.0736, 34.9983,0.014130434782608699
2010-10-10T00:00:00.000-0700,200,-117.36959999999999, 34.646300000000004, -117.01759999999999, 34.9983,0.0252608695652174
2010-10-10T00:00:00.000-0700,221,-120.5376, 34.9983, -120.1856, 35.3503,0.0052173913043478265
2010-10-10T00:00:00.000-0700,225,-119.1296, 34.9983, -118.77759999999999, 35.3503,0.005652173913043479
2010-10-10T00:00:00.000-0700,226,-118.77759999999999, 34.9983, -118.42559999999999, 35.3503,0.0035217391304347835
2010-10-10T00:00:00.000-0700,250,-120.8896, 35.350300000000004, -120.5376, 35.7023,0.006173913043478263
2010-10-10T00:00:00.000-0700,254,-119.4816, 35.350300000000004, -119.1296, 35.7023,0.016826086956521744
2010-10-10T00:00:00.000-0700,255,-119.1296, 35.350300000000004, -118.77759999999999, 35.7023,0.021043478260869566
2010-10-10T00:00:00.000-0700,289,-117.7216, 35.7023, -117.36959999999999, 36.0543,0.0043478260869565235
2010-10-10T00:00:00.000-0700,314,-119.4816, 36.0543, -119.1296, 36.406299999999995,0.017086956521739135
2010-10-10T00:00:00.000-0700,337,-121.9456, 36.4063, -121.5936, 36.7583,0.005565217391304348
2010-10-10T00:00:00.000-0700,343,-119.8336, 36.4063, -119.4816, 36.7583,0.011
2010-10-10T00:00:00.000-0700,366,-122.2976, 36.758300000000006, -121.9456, 37.1103,0.0016521739130434792
2010-10-10T00:00:00.000-0700,372,-120.1856, 36.758300000000006, -119.83359999999999, 37.1103,0.010477272727272734
2010-10-10T00:00:00.000-0700,373,-119.8336, 36.758300000000006, -119.4816, 37.1103,0.01784444444444445
2010-10-10T00:00:00.000-0700,396,-122.2976, 37.1103, -121.9456, 37.4623,0.011882608695652174
2010-10-10T00:00:00.000-0700,397,-121.9456, 37.1103, -121.5936, 37.4623,0.01371304347826087
2010-10-10T00:00:00.000-0700,401,-120.5376, 37.1103, -120.1856, 37.4623,0.010272727272727274
2010-10-10T00:00:00.000-0700,425,-122.64959999999999, 37.4623, -122.29759999999999, 37.814299999999996,0.011721739130434783
2010-10-10T00:00:00.000-0700,426,-122.2976, 37.4623, -121.9456, 37.814299999999996,0.011508695652173917
2010-10-10T00:00:00.000-0700,427,-121.9456, 37.4623, -121.5936, 37.814299999999996,0.012736363636363636
2010-10-10T00:00:00.000-0700,428,-121.5936, 37.4623, -121.24159999999999, 37.814299999999996,0.005863636363636365
2010-10-10T00:00:00.000-0700,430,-120.8896, 37.4623, -120.5376, 37.814299999999996,0.018863636363636364
2010-10-10T00:00:00.000-0700,455,-122.64959999999999, 37.8143, -122.29759999999999, 38.1663,0.011900000000000004
2010-10-10T00:00:00.000-0700,456,-122.2976, 37.8143, -121.9456, 38.1663,0.012746376811594198
2010-10-10T00:00:00.000-0700,457,-121.9456, 37.8143, -121.5936, 38.1663,0.007343478260869568
2010-10-10T00:00:00.000-0700,458,-121.5936, 37.8143, -121.24159999999999, 38.1663,0.01743478260869566
2010-10-10T00:00:00.000-0700,484,-123.0016, 38.1663, -122.64959999999999, 38.518299999999996,0.009482608695652173
2010-10-10T00:00:00.000-0700,486,-122.2976, 38.1663, -121.9456, 38.518299999999996,0.010004347826086956
2010-10-10T00:00:00.000-0700,488,-121.5936, 38.1663, -121.24159999999999, 38.518299999999996,0.006347826086956523
2010-10-10T00:00:00.000-0700,518,-121.5936, 38.5183, -121.24159999999999, 38.8703,0.013741379310344823
2010-10-10T00:00:00.000-0700,519,-121.24159999999999, 38.5183, -120.88959999999999, 38.8703,0.0032083333333333343
2010-10-10T00:00:00.000-0700,547,-121.9456, 38.8703, -121.5936, 39.2223,0.011
2010-10-10T00:00:00.000-0700,579,-121.24159999999999, 39.222300000000004, -120.88959999999999, 39.5743,0.002305
2010-10-10T00:00:00.000-0700,607,-121.9456, 39.5743, -121.5936, 39.9263,0.00773913043478261
2010-10-10T00:00:00.000-0700,690,-124.4096, 40.630300000000005, -124.0576, 40.9823,0.002125