date,index,min_long,min_lat,max_long,max_lat,ozone_hourly
2010-10-10T00:00:00.000-0700,20,-117.36959999999999, 32.5343, -117.01759999999999, 32.8863,0.04008695652173912
2010-10-10T00:00:00.000-0700,21,-117.0176, 32.5343, -116.6656, 32.8863,0.043742857142857125
2010-10-10T00:00:00.000-0700,22,-116.6656, 32.5343, -116.3136, 32.8863,0.037149997826086946
2010-10-10T00:00:00.000-0700,25,-115.6096, 32.5343, -115.2576, 32.8863,0.017855072463768117
2010-10-10T00:00:00.000-0700,49,-117.7216, 32.8863, -117.36959999999999, 33.238299999999995,0.03552173913043479
2010-10-10T00:00:00.000-0700,50,-117.36959999999999, 32.8863, -117.01759999999999, 33.238299999999995,0.03617021276595746
2010-10-10T00:00:00.000-0700,54,-115.9616, 32.8863, -115.6096, 33.238299999999995,0.023886956521739125
2010-10-10T00:00:00.000-0700,55,-115.6096, 32.8863, -115.2576, 33.238299999999995,0.025330434782608695
2010-10-10T00:00:00.000-0700,107,-118.4256, 33.5903, -118.0736, 33.942299999999996,0.03172587014925373
2010-10-10T00:00:00.000-0700,108,-118.0736, 33.5903, -117.7216, 33.942299999999996,0.03631397205882352
2010-10-10T00:00:00.000-0700,109,-117.7216, 33.5903, -117.36959999999999, 33.942299999999996,0.04484128695652174
2010-10-10T00:00:00.000-0700,110,-117.36959999999999, 33.5903, -117.01759999999999, 33.942299999999996,0.03736669130434783
2010-10-10T00:00:00.000-0700,111,-117.0176, 33.5903, -116.6656, 33.942299999999996,0.029477804347826094
2010-10-10T00:00:00.000-0700,112,-116.6656, 33.5903, -116.3136, 33.942299999999996,0.036492795652173914
2010-10-10T00:00:00.000-0700,113,-116.3136, 33.5903, -115.96159999999999, 33.942299999999996,0.03127401304347826
2010-10-10T00:00:00.000-0700,114,-115.9616, 33.5903, -115.6096, 33.942299999999996,0.04478260869565218
2010-10-10T00:00:00.000-0700,117,-114.90559999999999, 33.5903, -114.55359999999999, 33.942299999999996,0.017956521739130437
2010-10-10T00:00:00.000-0700,134,-119.4816, 33.9423, -119.1296, 34.2943,0.03275555555555556
2010-10-10T00:00:00.000-0700,135,-119.1296, 33.9423, -118.77759999999999, 34.2943,0.04443478260869566
2010-10-10T00:00:00.000-0700,136,-118.77759999999999, 33.9423, -118.42559999999999, 34.2943,0.029323345555555547
2010-10-10T00:00:00.000-0700,137,-118.4256, 33.9423, -118.0736, 34.2943,0.02845490869565218
2010-10-10T00:00:00.000-0700,138,-118.0736, 33.9423, -117.7216, 34.2943,0.03709647444444446
2010-10-10T00:00:00.000-0700,139,-117.7216, 33.9423, -117.36959999999999, 34.2943,0.03582088035714286
2010-10-10T00:00:00.000-0700,140,-117.36959999999999, 33.9423, -117.01759999999999, 34.2943,0.03566764558823531
2010-10-10T00:00:00.000-0700,142,-116.6656, 33.9423, -116.3136, 34.2943,0.05016666666666667
2010-10-10T00:00:00.000-0700,160,-120.8896, 34.2943, -120.5376, 34.6463,0.038521739130434794
2010-10-10T00:00:00.000-0700,161,-120.5376, 34.2943, -120.1856, 34.6463,0.025565217391304355
2010-10-10T00:00:00.000-0700,162,-120.1856, 34.2943, -119.83359999999999, 34.6463,0.03872463768115941
2010-10-10T00:00:00.000-0700,163,-119.8336, 34.2943, -119.4816, 34.6463,0.03182608695652172
2010-10-10T00:00:00.000-0700,164,-119.4816, 34.2943, -119.1296, 34.6463,0.03399999999999999
2010-10-10T00:00:00.000-0700,165,-119.1296, 34.2943, -118.77759999999999, 34.6463,0.0333913043478261
2010-10-10T00:00:00.000-0700,166,-118.77759999999999, 34.2943, -118.42559999999999, 34.6463,0.027466369565217395
2010-10-10T00:00:00.000-0700,169,-117.7216, 34.2943, -117.36959999999999, 34.6463,0.041125000000000016
2010-10-10T00:00:00.000-0700,170,-117.36959999999999, 34.2943, -117.01759999999999, 34.6463,0.03491666666666667
2010-10-10T00:00:00.000-0700,191,-120.5376, 34.646300000000004, -120.1856, 34.9983,0.031043478260869558
2010-10-10T00:00:00.000-0700,197,-118.4256, 34.646300000000004, -118.0736, 34.9983,0.03495652173913045
2010-10-10T00:00:00.000-0700,200,-117.36959999999999, 34.646300000000004, -117.01759999999999, 34.9983,0.016608695652173912
2010-10-10T00:00:00.000-0700,220,-120.8896, 34.9983, -120.5376, 35.3503,0.03634782608695653
2010-10-10T00:00:00.000-0700,221,-120.5376, 34.9983, -120.1856, 35.3503,0.0363913043478261
2010-10-10T00:00:00.000-0700,222,-120.1856, 34.9983, -119.83359999999999, 35.3503,0.04065217391304348
2010-10-10T00:00:00.000-0700,224,-119.4816, 34.9983, -119.1296, 35.3503,0.06256519999999999
2010-10-10T00:00:00.000-0700,225,-119.1296, 34.9983, -118.77759999999999, 35.3503,0.05108695217391304
2010-10-10T00:00:00.000-0700,226,-118.77759999999999, 34.9983, -118.42559999999999, 35.3503,0.059043460869565204
2010-10-10T00:00:00.000-0700,227,-118.4256, 34.9983, -118.0736, 35.3503,0.038652173913043486
2010-10-10T00:00:00.000-0700,250,-120.8896, 35.350300000000004, -120.5376, 35.7023,0.03450724637681159
2010-10-10T00:00:00.000-0700,251,-120.5376, 35.350300000000004, -120.1856, 35.7023,0.0665217347826087
2010-10-10T00:00:00.000-0700,254,-119.4816, 35.350300000000004, -119.1296, 35.7023,0.03791303913043479
2010-10-10T00:00:00.000-0700,255,-119.1296, 35.350300000000004, -118.77759999999999, 35.7023,0.049195647826086944
2010-10-10T00:00:00.000-0700,285,-119.1296, 35.7023, -118.77759999999999, 36.0543,0.042043469565217394
2010-10-10T00:00:00.000-0700,289,-117.7216, 35.7023, -117.36959999999999, 36.0543,0.02665217391304348
2010-10-10T00:00:00.000-0700,309,-121.24159999999999, 36.0543, -120.88959999999999, 36.406299999999995,0.022041666666666668
2010-10-10T00:00:00.000-0700,314,-119.4816, 36.0543, -119.1296, 36.406299999999995,0.039956517391304354
2010-10-10T00:00:00.000-0700,337,-121.9456, 36.4063, -121.5936, 36.7583,0.02719148936170213
2010-10-10T00:00:00.000-0700,339,-121.24159999999999, 36.4063, -120.88959999999999, 36.7583,0.03287500000000001
2010-10-10T00:00:00.000-0700,341,-120.5376, 36.4063, -120.1856, 36.7583,0.03400000000000001
2010-10-10T00:00:00.000-0700,343,-119.8336, 36.4063, -119.4816, 36.7583,0.03618181818181819
2010-10-10T00:00:00.000-0700,345,-119.1296, 36.4063, -118.77759999999999, 36.7583,0.04720832916666667
2010-10-10T00:00:00.000-0700,346,-118.77759999999999, 36.4063, -118.42559999999999, 36.7583,0.039500000000000014
2010-10-10T00:00:00.000-0700,351,-117.0176, 36.4063, -116.6656, 36.7583,0.044291666666666674
2010-10-10T00:00:00.000-0700,366,-122.2976, 36.758300000000006, -121.9456, 37.1103,0.01874468085106384
2010-10-10T00:00:00.000-0700,367,-121.9456, 36.758300000000006, -121.5936, 37.1103,0.021639130434782605
2010-10-10T00:00:00.000-0700,368,-121.5936, 36.758300000000006, -121.24159999999999, 37.1103,0.027625531914893618
2010-10-10T00:00:00.000-0700,372,-120.1856, 36.758300000000006, -119.83359999999999, 37.1103,0.03261193582089552
2010-10-10T00:00:00.000-0700,373,-119.8336, 36.758300000000006, -119.4816, 37.1103,0.036533331111111116
2010-10-10T00:00:00.000-0700,396,-122.2976, 37.1103, -121.9456, 37.4623,0.016473913043478262
2010-10-10T00:00:00.000-0700,397,-121.9456, 37.1103, -121.5936, 37.4623,0.014647826086956521
2010-10-10T00:00:00.000-0700,401,-120.5376, 37.1103, -120.1856, 37.4623,0.032090909090909094
2010-10-10T00:00:00.000-0700,425,-122.64959999999999, 37.4623, -122.29759999999999, 37.814299999999996,0.015377272727272727
2010-10-10T00:00:00.000-0700,426,-122.2976, 37.4623, -121.9456, 37.814299999999996,0.012532608695652177
2010-10-10T00:00:00.000-0700,427,-121.9456, 37.4623, -121.5936, 37.814299999999996,0.019078260869565218
2010-10-10T00:00:00.000-0700,428,-121.5936, 37.4623, -121.24159999999999, 37.814299999999996,0.03281818181818182
2010-10-10T00:00:00.000-0700,429,-121.24159999999999, 37.4623, -120.88959999999999, 37.814299999999996,0.02482608695652174
2010-10-10T00:00:00.000-0700,430,-120.8896, 37.4623, -120.5376, 37.814299999999996,0.030000000000000006
2010-10-10T00:00:00.000-0700,432,-120.1856, 37.4623, -119.83359999999999, 37.814299999999996,0.04643478260869567
2010-10-10T00:00:00.000-0700,433,-119.8336, 37.4623, -119.4816, 37.814299999999996,0.038833333333333324
2010-10-10T00:00:00.000-0700,455,-122.64959999999999, 37.8143, -122.29759999999999, 38.1663,0.013217391304347823
2010-10-10T00:00:00.000-0700,456,-122.2976, 37.8143, -121.9456, 38.1663,0.01801739130434783
2010-10-10T00:00:00.000-0700,457,-121.9456, 37.8143, -121.5936, 38.1663,0.025273913043478268
2010-10-10T00:00:00.000-0700,458,-121.5936, 37.8143, -121.24159999999999, 38.1663,0.019478260869565216
2010-10-10T00:00:00.000-0700,461,-120.5376, 37.8143, -120.1856, 38.1663,0.03400000000000001
2010-10-10T00:00:00.000-0700,484,-123.0016, 38.1663, -122.64959999999999, 38.518299999999996,0.012408695652173913
2010-10-10T00:00:00.000-0700,486,-122.2976, 38.1663, -121.9456, 38.518299999999996,0.02074782608695652
2010-10-10T00:00:00.000-0700,488,-121.5936, 38.1663, -121.24159999999999, 38.518299999999996,0.023478260869565216
2010-10-10T00:00:00.000-0700,489,-121.24159999999999, 38.1663, -120.88959999999999, 38.518299999999996,0.04178260869565218
2010-10-10T00:00:00.000-0700,490,-120.8896, 38.1663, -120.5376, 38.518299999999996,0.033804347826086954
2010-10-10T00:00:00.000-0700,514,-123.0016, 38.5183, -122.64959999999999, 38.8703,0.006521739130434782
2010-10-10T00:00:00.000-0700,517,-121.9456, 38.5183, -121.5936, 38.8703,0.02262916666666667
2010-10-10T00:00:00.000-0700,518,-121.5936, 38.5183, -121.24159999999999, 38.8703,0.028379310344827567
2010-10-10T00:00:00.000-0700,519,-121.24159999999999, 38.5183, -120.88959999999999, 38.8703,0.04212500000000002
2010-10-10T00:00:00.000-0700,520,-120.8896, 38.5183, -120.5376, 38.8703,0.04634782608695654
2010-10-10T00:00:00.000-0700,522,-120.1856, 38.5183, -119.83359999999999, 38.8703,0.02660869565217392
2010-10-10T00:00:00.000-0700,543,-123.3536, 38.8703, -123.0016, 39.2223,0.013166666666666667
2010-10-10T00:00:00.000-0700,544,-123.0016, 38.8703, -122.64959999999999, 39.2223,0.018181818181818184
2010-10-10T00:00:00.000-0700,546,-122.2976, 38.8703, -121.9456, 39.2223,0.028217391304347826
2010-10-10T00:00:00.000-0700,547,-121.9456, 38.8703, -121.5936, 39.2223,0.03404347826086958
2010-10-10T00:00:00.000-0700,549,-121.24159999999999, 38.8703, -120.88959999999999, 39.2223,0.03525352112676055
2010-10-10T00:00:00.000-0700,576,-122.2976, 39.222300000000004, -121.9456, 39.5743,0.02852173913043479
2010-10-10T00:00:00.000-0700,579,-121.24159999999999, 39.222300000000004, -120.88959999999999, 39.5743,0.04630833333333333
2010-10-10T00:00:00.000-0700,580,-120.8896, 39.222300000000004, -120.5376, 39.5743,0.03882608695652175
2010-10-10T00:00:00.000-0700,582,-120.1856, 39.222300000000004, -119.83359999999999, 39.5743,0.014320833333333336
2010-10-10T00:00:00.000-0700,607,-121.9456, 39.5743, -121.5936, 39.9263,0.03765217391304348
2010-10-10T00:00:00.000-0700,636,-122.2976, 39.9263, -121.9456, 40.278299999999994,0.031351063829787244
2010-10-10T00:00:00.000-0700,665,-122.64959999999999, 40.2783, -122.29759999999999, 40.6303,0.01909166666666667
2010-10-10T00:00:00.000-0700,668,-121.5936, 40.2783, -121.24159999999999, 40.6303,0.020083333333333342
2010-10-10T00:00:00.000-0700,690,-124.4096, 40.630300000000005, -124.0576, 40.9823,0.027500000000000004
2010-10-10T00:00:00.000-0700,695,-122.64959999999999, 40.630300000000005, -122.29759999999999, 40.9823,0.014195652173913042
2010-10-10T00:00:00.000-0700,785,-122.64959999999999, 41.6863, -122.29759999999999, 42.0383,0.01630434782608696