date,index,min_long,min_lat,max_long,max_lat,bar_press
2010-10-10T00:00:00.000-0700,20,-117.36959999999999, 32.5343, -117.01759999999999, 32.8863,995.8649130434784
2010-10-10T00:00:00.000-0700,25,-115.6096, 32.5343, -115.2576, 32.8863,1010.7066666666657
2010-10-10T00:00:00.000-0700,54,-115.9616, 32.8863, -115.6096, 33.238299999999995,339.47548611111176
2010-10-10T00:00:00.000-0700,55,-115.6096, 32.8863, -115.2576, 33.238299999999995,1016.91
2010-10-10T00:00:00.000-0700,83,-116.3136, 33.2383, -115.96159999999999, 33.5903,1.008875
2010-10-10T00:00:00.000-0700,84,-115.9616, 33.2383, -115.6096, 33.5903,1.0060972222222218
2010-10-10T00:00:00.000-0700,107,-118.4256, 33.5903, -118.0736, 33.942299999999996,1008.5941666666671
2010-10-10T00:00:00.000-0700,108,-118.0736, 33.5903, -117.7216, 33.942299999999996,1003.3074999999999
2010-10-10T00:00:00.000-0700,109,-117.7216, 33.5903, -117.36959999999999, 33.942299999999996,990.4100833333335
2010-10-10T00:00:00.000-0700,110,-117.36959999999999, 33.5903, -117.01759999999999, 33.942299999999996,962.5701666666668
2010-10-10T00:00:00.000-0700,111,-117.0176, 33.5903, -116.6656, 33.942299999999996,928.1690833333331
2010-10-10T00:00:00.000-0700,112,-116.6656, 33.5903, -116.3136, 33.942299999999996,988.4205000000003
2010-10-10T00:00:00.000-0700,113,-116.3136, 33.5903, -115.96159999999999, 33.942299999999996,1011.9720833333334
2010-10-10T00:00:00.000-0700,130,-120.8896, 33.9423, -120.5376, 34.2943,1013.1874999999997
2010-10-10T00:00:00.000-0700,131,-120.5376, 33.9423, -120.1856, 34.2943,1013.7333333333332
2010-10-10T00:00:00.000-0700,135,-119.1296, 33.9423, -118.77759999999999, 34.2943,984.0958333333333
2010-10-10T00:00:00.000-0700,136,-118.77759999999999, 33.9423, -118.42559999999999, 34.2943,1009.2337500000003
2010-10-10T00:00:00.000-0700,137,-118.4256, 33.9423, -118.0736, 34.2943,993.2811041666665
2010-10-10T00:00:00.000-0700,138,-118.0736, 33.9423, -117.7216, 34.2943,997.0493958333333
2010-10-10T00:00:00.000-0700,139,-117.7216, 33.9423, -117.36959999999999, 34.2943,976.229197916667
2010-10-10T00:00:00.000-0700,160,-120.8896, 34.2943, -120.5376, 34.6463,1014.6708333333332
2010-10-10T00:00:00.000-0700,163,-119.8336, 34.2943, -119.4816, 34.6463,13352.299166666677
2010-10-10T00:00:00.000-0700,166,-118.77759999999999, 34.2943, -118.42559999999999, 34.6463,965.2512916666665
2010-10-10T00:00:00.000-0700,170,-117.36959999999999, 34.2943, -117.01759999999999, 34.6463,905.9157916666669
2010-10-10T00:00:00.000-0700,189,-121.24159999999999, 34.646300000000004, -120.88959999999999, 34.9983,1023.9666666666668
2010-10-10T00:00:00.000-0700,191,-120.5376, 34.646300000000004, -120.1856, 34.9983,1006.6995833333327
2010-10-10T00:00:00.000-0700,197,-118.4256, 34.646300000000004, -118.0736, 34.9983,933.7263750000003
2010-10-10T00:00:00.000-0700,200,-117.36959999999999, 34.646300000000004, -117.01759999999999, 34.9983,936.280416666667
2010-10-10T00:00:00.000-0700,220,-120.8896, 34.9983, -120.5376, 35.3503,1009.4770833333333
2010-10-10T00:00:00.000-0700,224,-119.4816, 34.9983, -119.1296, 35.3503,986.0348333333332
2010-10-10T00:00:00.000-0700,226,-118.77759999999999, 34.9983, -118.42559999999999, 35.3503,998.1450833333333
2010-10-10T00:00:00.000-0700,227,-118.4256, 34.9983, -118.0736, 35.3503,923.872958333333
2010-10-10T00:00:00.000-0700,254,-119.4816, 35.350300000000004, -119.1296, 35.7023,1004.700833333333
2010-10-10T00:00:00.000-0700,255,-119.1296, 35.350300000000004, -118.77759999999999, 35.7023,1004.3684166666663
2010-10-10T00:00:00.000-0700,277,-121.9456, 35.7023, -121.5936, 36.0543,1021.9541666666665
2010-10-10T00:00:00.000-0700,285,-119.1296, 35.7023, -118.77759999999999, 36.0543,1002.757083333333
2010-10-10T00:00:00.000-0700,289,-117.7216, 35.7023, -117.36959999999999, 36.0543,954.4399583333335
2010-10-10T00:00:00.000-0700,313,-119.8336, 36.0543, -119.4816, 36.406299999999995,505.1277083333332
2010-10-10T00:00:00.000-0700,314,-119.4816, 36.0543, -119.1296, 36.406299999999995,1009.0618749999993
2010-10-10T00:00:00.000-0700,315,-119.1296, 36.0543, -118.77759999999999, 36.406299999999995,980.6138333333338
2010-10-10T00:00:00.000-0700,335,-122.64959999999999, 36.4063, -122.29759999999999, 36.7583,1018.4083333333336
2010-10-10T00:00:00.000-0700,341,-120.5376, 36.4063, -120.1856, 36.7583,1012.0904166666661
2010-10-10T00:00:00.000-0700,343,-119.8336, 36.4063, -119.4816, 36.7583,1005.2558333333333
2010-10-10T00:00:00.000-0700,365,-122.64959999999999, 36.758300000000006, -122.29759999999999, 37.1103,1016.7391304347827
2010-10-10T00:00:00.000-0700,367,-121.9456, 36.758300000000006, -121.5936, 37.1103,1017.5791666666668
2010-10-10T00:00:00.000-0700,372,-120.1856, 36.758300000000006, -119.83359999999999, 37.1103,1005.5333333333333
2010-10-10T00:00:00.000-0700,373,-119.8336, 36.758300000000006, -119.4816, 37.1103,1003.4799583333333
2010-10-10T00:00:00.000-0700,394,-123.0016, 37.1103, -122.64959999999999, 37.4623,1015.3083333333333
2010-10-10T00:00:00.000-0700,424,-123.0016, 37.4623, -122.64959999999999, 37.814299999999996,1013.8333333333335
2010-10-10T00:00:00.000-0700,428,-121.5936, 37.4623, -121.24159999999999, 37.814299999999996,1009.8654166666666
2010-10-10T00:00:00.000-0700,429,-121.24159999999999, 37.4623, -120.88959999999999, 37.814299999999996,1013.4770833333332
2010-10-10T00:00:00.000-0700,483,-123.3536, 38.1663, -123.0016, 38.518299999999996,1019.0333333333334
2010-10-10T00:00:00.000-0700,488,-121.5936, 38.1663, -121.24159999999999, 38.518299999999996,1014.375
2010-10-10T00:00:00.000-0700,517,-121.9456, 38.5183, -121.5936, 38.8703,1013.4295652173913
2010-10-10T00:00:00.000-0700,518,-121.5936, 38.5183, -121.24159999999999, 38.8703,1014.2818749999992
2010-10-10T00:00:00.000-0700,522,-120.1856, 38.5183, -119.83359999999999, 38.8703,780.5504999999999
2010-10-10T00:00:00.000-0700,541,-124.0576, 38.8703, -123.70559999999999, 39.2223,1018.9145833333337
2010-10-10T00:00:00.000-0700,546,-122.2976, 38.8703, -121.9456, 39.2223,1013.7541666666666
2010-10-10T00:00:00.000-0700,547,-121.9456, 38.8703, -121.5936, 39.2223,1013.0324999999999
2010-10-10T00:00:00.000-0700,607,-121.9456, 39.5743, -121.5936, 39.9263,1008.645833333333
2010-10-10T00:00:00.000-0700,665,-122.64959999999999, 40.2783, -122.29759999999999, 40.6303,995.2272608695654
2010-10-10T00:00:00.000-0700,780,-124.4096, 41.6863, -124.0576, 42.0383,1018.6833333333333