date,index,min_long,min_lat,max_long,max_lat,so2
2010-10-10T00:00:00.000-0700,20,-117.36959999999999, 32.5343, -117.01759999999999, 32.8863,0.0011521739130434788
2010-10-10T00:00:00.000-0700,21,-117.0176, 32.5343, -116.6656, 32.8863,0.0024782608695652184
2010-10-10T00:00:00.000-0700,25,-115.6096, 32.5343, -115.2576, 32.8863,8.695652173913044E-5
2010-10-10T00:00:00.000-0700,107,-118.4256, 33.5903, -118.0736, 33.942299999999996,0.0014567199999999999
2010-10-10T00:00:00.000-0700,108,-118.0736, 33.5903, -117.7216, 33.942299999999996,0.001545195652173913
2010-10-10T00:00:00.000-0700,136,-118.77759999999999, 33.9423, -118.42559999999999, 34.2943,9.751217391304348E-4
2010-10-10T00:00:00.000-0700,137,-118.4256, 33.9423, -118.0736, 34.2943,3.7708695652173904E-4
2010-10-10T00:00:00.000-0700,139,-117.7216, 33.9423, -117.36959999999999, 34.2943,5.71125E-4
2010-10-10T00:00:00.000-0700,160,-120.8896, 34.2943, -120.5376, 34.6463,0.0010000000000000007
2010-10-10T00:00:00.000-0700,161,-120.5376, 34.2943, -120.1856, 34.6463,0.0
2010-10-10T00:00:00.000-0700,162,-120.1856, 34.2943, -119.83359999999999, 34.6463,0.001086956521739131
2010-10-10T00:00:00.000-0700,170,-117.36959999999999, 34.2943, -117.01759999999999, 34.6463,0.0011818181818181825
2010-10-10T00:00:00.000-0700,191,-120.5376, 34.646300000000004, -120.1856, 34.9983,0.0010000000000000007
2010-10-10T00:00:00.000-0700,220,-120.8896, 34.9983, -120.5376, 35.3503,6.521739130434785E-4
2010-10-10T00:00:00.000-0700,289,-117.7216, 35.7023, -117.36959999999999, 36.0543,0.002217391304347827
2010-10-10T00:00:00.000-0700,373,-119.8336, 36.758300000000006, -119.4816, 37.1103,0.0
2010-10-10T00:00:00.000-0700,397,-121.9456, 37.1103, -121.5936, 37.4623,1.3636363636363634E-4
2010-10-10T00:00:00.000-0700,455,-122.64959999999999, 37.8143, -122.29759999999999, 38.1663,0.0014978260869565228
2010-10-10T00:00:00.000-0700,456,-122.2976, 37.8143, -121.9456, 38.1663,7.903703703703707E-4
2010-10-10T00:00:00.000-0700,457,-121.9456, 37.8143, -121.5936, 38.1663,0.0019782608695652175
2010-10-10T00:00:00.000-0700,518,-121.5936, 38.5183, -121.24159999999999, 38.8703,5.652173913043481E-4
2010-10-10T00:00:00.000-0700,690,-124.4096, 40.630300000000005, -124.0576, 40.9823,9.200000000000001E-4