date,index,min_long,min_lat,max_long,max_lat,sol_rad
2010-10-10T00:00:00.000-0700,20,-117.36959999999999, 32.5343, -117.01759999999999, 32.8863,221.75
2010-10-10T00:00:00.000-0700,21,-117.0176, 32.5343, -116.6656, 32.8863,228.01388888888889
2010-10-10T00:00:00.000-0700,22,-116.6656, 32.5343, -116.3136, 32.8863,204.61111111111111
2010-10-10T00:00:00.000-0700,24,-115.9616, 32.5343, -115.6096, 32.8863,219.29166666666666
2010-10-10T00:00:00.000-0700,25,-115.6096, 32.5343, -115.2576, 32.8863,239.64583333333334
2010-10-10T00:00:00.000-0700,27,-114.90559999999999, 32.5343, -114.55359999999999, 32.8863,224.3125
2010-10-10T00:00:00.000-0700,50,-117.36959999999999, 32.8863, -117.01759999999999, 33.238299999999995,217.875
2010-10-10T00:00:00.000-0700,51,-117.0176, 32.8863, -116.6656, 33.238299999999995,261.375
2010-10-10T00:00:00.000-0700,52,-116.6656, 32.8863, -116.3136, 33.238299999999995,270.68055555555554
2010-10-10T00:00:00.000-0700,53,-116.3136, 32.8863, -115.96159999999999, 33.238299999999995,262.9583333333333
2010-10-10T00:00:00.000-0700,54,-115.9616, 32.8863, -115.6096, 33.238299999999995,230.54166666666666
2010-10-10T00:00:00.000-0700,55,-115.6096, 32.8863, -115.2576, 33.238299999999995,224.91666666666666
2010-10-10T00:00:00.000-0700,56,-115.2576, 32.8863, -114.90559999999999, 33.238299999999995,171.41666666666666
2010-10-10T00:00:00.000-0700,58,-114.5536, 32.8863, -114.2016, 33.238299999999995,253.125
2010-10-10T00:00:00.000-0700,75,-119.1296, 33.2383, -118.77759999999999, 33.5903,52.958333333333336
2010-10-10T00:00:00.000-0700,79,-117.7216, 33.2383, -117.36959999999999, 33.5903,237.29166666666666
2010-10-10T00:00:00.000-0700,80,-117.36959999999999, 33.2383, -117.01759999999999, 33.5903,-454.36875
2010-10-10T00:00:00.000-0700,81,-117.0176, 33.2383, -116.6656, 33.5903,-76.71875
2010-10-10T00:00:00.000-0700,82,-116.6656, 33.2383, -116.3136, 33.5903,244.52083333333334
2010-10-10T00:00:00.000-0700,83,-116.3136, 33.2383, -115.96159999999999, 33.5903,221.0
2010-10-10T00:00:00.000-0700,84,-115.9616, 33.2383, -115.6096, 33.5903,245.91666666666666
2010-10-10T00:00:00.000-0700,87,-114.90559999999999, 33.2383, -114.55359999999999, 33.5903,204.625
2010-10-10T00:00:00.000-0700,107,-118.4256, 33.5903, -118.0736, 33.942299999999996,-948.6666666666666
2010-10-10T00:00:00.000-0700,109,-117.7216, 33.5903, -117.36959999999999, 33.942299999999996,244.08333333333334
2010-10-10T00:00:00.000-0700,110,-117.36959999999999, 33.5903, -117.01759999999999, 33.942299999999996,222.85416666666666
2010-10-10T00:00:00.000-0700,111,-117.0176, 33.5903, -116.6656, 33.942299999999996,230.24230947916672
2010-10-10T00:00:00.000-0700,112,-116.6656, 33.5903, -116.3136, 33.942299999999996,209.25
2010-10-10T00:00:00.000-0700,113,-116.3136, 33.5903, -115.96159999999999, 33.942299999999996,211.40277777777777
2010-10-10T00:00:00.000-0700,114,-115.9616, 33.5903, -115.6096, 33.942299999999996,220.29166666666666
2010-10-10T00:00:00.000-0700,132,-120.1856, 33.9423, -119.83359999999999, 34.2943,194.5
2010-10-10T00:00:00.000-0700,133,-119.8336, 33.9423, -119.4816, 34.2943,267.375
2010-10-10T00:00:00.000-0700,134,-119.4816, 33.9423, -119.1296, 34.2943,230.14583333333334
2010-10-10T00:00:00.000-0700,135,-119.1296, 33.9423, -118.77759999999999, 34.2943,219.57638888888889
2010-10-10T00:00:00.000-0700,136,-118.77759999999999, 33.9423, -118.42559999999999, 34.2943,251.44166666666666
2010-10-10T00:00:00.000-0700,137,-118.4256, 33.9423, -118.0736, 34.2943,186.81923979166666
2010-10-10T00:00:00.000-0700,138,-118.0736, 33.9423, -117.7216, 34.2943,221.24095786458338
2010-10-10T00:00:00.000-0700,139,-117.7216, 33.9423, -117.36959999999999, 34.2943,232.1334373611112
2010-10-10T00:00:00.000-0700,140,-117.36959999999999, 33.9423, -117.01759999999999, 34.2943,184.63541666666666
2010-10-10T00:00:00.000-0700,141,-117.0176, 33.9423, -116.6656, 34.2943,239.20833333333334
2010-10-10T00:00:00.000-0700,142,-116.6656, 33.9423, -116.3136, 34.2943,242.41666666666666
2010-10-10T00:00:00.000-0700,147,-114.90559999999999, 33.9423, -114.55359999999999, 34.2943,253.29166666666666
2010-10-10T00:00:00.000-0700,162,-120.1856, 34.2943, -119.83359999999999, 34.6463,210.27083333333334
2010-10-10T00:00:00.000-0700,163,-119.8336, 34.2943, -119.4816, 34.6463,214.64583333333334
2010-10-10T00:00:00.000-0700,164,-119.4816, 34.2943, -119.1296, 34.6463,229.32291666666666
2010-10-10T00:00:00.000-0700,165,-119.1296, 34.2943, -118.77759999999999, 34.6463,221.15625
2010-10-10T00:00:00.000-0700,166,-118.77759999999999, 34.2943, -118.42559999999999, 34.6463,227.62778276041672
2010-10-10T00:00:00.000-0700,167,-118.4256, 34.2943, -118.0736, 34.6463,177.53125
2010-10-10T00:00:00.000-0700,168,-118.0736, 34.2943, -117.7216, 34.6463,240.66666666666666
2010-10-10T00:00:00.000-0700,169,-117.7216, 34.2943, -117.36959999999999, 34.6463,262.25
2010-10-10T00:00:00.000-0700,170,-117.36959999999999, 34.2943, -117.01759999999999, 34.6463,231.99694444444444
2010-10-10T00:00:00.000-0700,171,-117.0176, 34.2943, -116.6656, 34.6463,289.8333333333333
2010-10-10T00:00:00.000-0700,172,-116.6656, 34.2943, -116.3136, 34.6463,262.3333333333333
2010-10-10T00:00:00.000-0700,191,-120.5376, 34.646300000000004, -120.1856, 34.9983,210.79166666666666
2010-10-10T00:00:00.000-0700,192,-120.1856, 34.646300000000004, -119.83359999999999, 34.9983,180.125
2010-10-10T00:00:00.000-0700,193,-119.8336, 34.646300000000004, -119.4816, 34.9983,216.75
2010-10-10T00:00:00.000-0700,194,-119.4816, 34.646300000000004, -119.1296, 34.9983,262.25
2010-10-10T00:00:00.000-0700,195,-119.1296, 34.646300000000004, -118.77759999999999, 34.9983,256.7083333333333
2010-10-10T00:00:00.000-0700,197,-118.4256, 34.646300000000004, -118.0736, 34.9983,237.91666666666666
2010-10-10T00:00:00.000-0700,198,-118.0736, 34.646300000000004, -117.7216, 34.9983,252.70833333333334
2010-10-10T00:00:00.000-0700,201,-117.0176, 34.646300000000004, -116.6656, 34.9983,223.16666666666666
2010-10-10T00:00:00.000-0700,220,-120.8896, 34.9983, -120.5376, 35.3503,201.34722222222223
2010-10-10T00:00:00.000-0700,221,-120.5376, 34.9983, -120.1856, 35.3503,6.833333333333333
2010-10-10T00:00:00.000-0700,223,-119.8336, 34.9983, -119.4816, 35.3503,252.04166666666666
2010-10-10T00:00:00.000-0700,225,-119.1296, 34.9983, -118.77759999999999, 35.3503,218.16666666666666
2010-10-10T00:00:00.000-0700,226,-118.77759999999999, 34.9983, -118.42559999999999, 35.3503,205.85000000000002
2010-10-10T00:00:00.000-0700,227,-118.4256, 34.9983, -118.0736, 35.3503,261.5416666666667
2010-10-10T00:00:00.000-0700,230,-117.36959999999999, 34.9983, -117.01759999999999, 35.3503,256.0416666666667
2010-10-10T00:00:00.000-0700,233,-116.3136, 34.9983, -115.96159999999999, 35.3503,220.3846153846154
2010-10-10T00:00:00.000-0700,235,-115.6096, 34.9983, -115.2576, 35.3503,280.0
2010-10-10T00:00:00.000-0700,249,-121.24159999999999, 35.350300000000004, -120.88959999999999, 35.7023,155.41666666666666
2010-10-10T00:00:00.000-0700,250,-120.8896, 35.350300000000004, -120.5376, 35.7023,200.66666666666666
2010-10-10T00:00:00.000-0700,251,-120.5376, 35.350300000000004, -120.1856, 35.7023,192.29166666666666
2010-10-10T00:00:00.000-0700,252,-120.1856, 35.350300000000004, -119.83359999999999, 35.7023,205.375
2010-10-10T00:00:00.000-0700,253,-119.8336, 35.350300000000004, -119.4816, 35.7023,192.58333333333334
2010-10-10T00:00:00.000-0700,254,-119.4816, 35.350300000000004, -119.1296, 35.7023,208.2486111111111
2010-10-10T00:00:00.000-0700,255,-119.1296, 35.350300000000004, -118.77759999999999, 35.7023,225.5
2010-10-10T00:00:00.000-0700,256,-118.77759999999999, 35.350300000000004, -118.42559999999999, 35.7023,249.72916666666666
2010-10-10T00:00:00.000-0700,257,-118.4256, 35.350300000000004, -118.0736, 35.7023,247.70833333333334
2010-10-10T00:00:00.000-0700,258,-118.0736, 35.350300000000004, -117.7216, 35.7023,225.6875
2010-10-10T00:00:00.000-0700,259,-117.7216, 35.350300000000004, -117.36959999999999, 35.7023,234.125
2010-10-10T00:00:00.000-0700,278,-121.5936, 35.7023, -121.24159999999999, 36.0543,224.20833333333334
2010-10-10T00:00:00.000-0700,280,-120.8896, 35.7023, -120.5376, 36.0543,207.66666666666666
2010-10-10T00:00:00.000-0700,281,-120.5376, 35.7023, -120.1856, 36.0543,193.91666666666666
2010-10-10T00:00:00.000-0700,282,-120.1856, 35.7023, -119.83359999999999, 36.0543,216.125
2010-10-10T00:00:00.000-0700,283,-119.8336, 35.7023, -119.4816, 36.0543,190.45833333333334
2010-10-10T00:00:00.000-0700,284,-119.4816, 35.7023, -119.1296, 36.0543,184.58333333333334
2010-10-10T00:00:00.000-0700,285,-119.1296, 35.7023, -118.77759999999999, 36.0543,213.125
2010-10-10T00:00:00.000-0700,286,-118.77759999999999, 35.7023, -118.42559999999999, 36.0543,219.54166666666666
2010-10-10T00:00:00.000-0700,287,-118.4256, 35.7023, -118.0736, 36.0543,252.75
2010-10-10T00:00:00.000-0700,288,-118.0736, 35.7023, -117.7216, 36.0543,240.79166666666666
2010-10-10T00:00:00.000-0700,294,-115.9616, 35.7023, -115.6096, 36.0543,209.25
2010-10-10T00:00:00.000-0700,307,-121.9456, 36.0543, -121.5936, 36.406299999999995,169.41666666666666
2010-10-10T00:00:00.000-0700,308,-121.5936, 36.0543, -121.24159999999999, 36.406299999999995,197.97222222222223
2010-10-10T00:00:00.000-0700,309,-121.24159999999999, 36.0543, -120.88959999999999, 36.406299999999995,208.70833333333334
2010-10-10T00:00:00.000-0700,310,-120.8896, 36.0543, -120.5376, 36.406299999999995,234.27083333333334
2010-10-10T00:00:00.000-0700,311,-120.5376, 36.0543, -120.1856, 36.406299999999995,206.16666666666666
2010-10-10T00:00:00.000-0700,312,-120.1856, 36.0543, -119.83359999999999, 36.406299999999995,205.0
2010-10-10T00:00:00.000-0700,314,-119.4816, 36.0543, -119.1296, 36.406299999999995,199.23749999999998
2010-10-10T00:00:00.000-0700,315,-119.1296, 36.0543, -118.77759999999999, 36.406299999999995,208.23958333333334
2010-10-10T00:00:00.000-0700,316,-118.77759999999999, 36.0543, -118.42559999999999, 36.406299999999995,233.0
2010-10-10T00:00:00.000-0700,317,-118.4256, 36.0543, -118.0736, 36.406299999999995,236.04166666666666
2010-10-10T00:00:00.000-0700,318,-118.0736, 36.0543, -117.7216, 36.406299999999995,225.54166666666666
2010-10-10T00:00:00.000-0700,320,-117.36959999999999, 36.0543, -117.01759999999999, 36.406299999999995,227.25
2010-10-10T00:00:00.000-0700,337,-121.9456, 36.4063, -121.5936, 36.7583,227.25
2010-10-10T00:00:00.000-0700,338,-121.5936, 36.4063, -121.24159999999999, 36.7583,181.29166666666666
2010-10-10T00:00:00.000-0700,339,-121.24159999999999, 36.4063, -120.88959999999999, 36.7583,222.3125
2010-10-10T00:00:00.000-0700,340,-120.8896, 36.4063, -120.5376, 36.7583,221.45833333333334
2010-10-10T00:00:00.000-0700,341,-120.5376, 36.4063, -120.1856, 36.7583,195.41666666666666
2010-10-10T00:00:00.000-0700,343,-119.8336, 36.4063, -119.4816, 36.7583,203.8125
2010-10-10T00:00:00.000-0700,344,-119.4816, 36.4063, -119.1296, 36.7583,185.45833333333334
2010-10-10T00:00:00.000-0700,345,-119.1296, 36.4063, -118.77759999999999, 36.7583,214.95833333333334
2010-10-10T00:00:00.000-0700,346,-118.77759999999999, 36.4063, -118.42559999999999, 36.7583,243.41666666666666
2010-10-10T00:00:00.000-0700,348,-118.0736, 36.4063, -117.7216, 36.7583,234.94187499999998
2010-10-10T00:00:00.000-0700,349,-117.7216, 36.4063, -117.36959999999999, 36.7583,194.58333333333334
2010-10-10T00:00:00.000-0700,351,-117.0176, 36.4063, -116.6656, 36.7583,-999.0
2010-10-10T00:00:00.000-0700,366,-122.2976, 36.758300000000006, -121.9456, 37.1103,200.45833333333334
2010-10-10T00:00:00.000-0700,367,-121.9456, 36.758300000000006, -121.5936, 37.1103,193.55208333333334
2010-10-10T00:00:00.000-0700,368,-121.5936, 36.758300000000006, -121.24159999999999, 37.1103,190.625
2010-10-10T00:00:00.000-0700,369,-121.24159999999999, 36.758300000000006, -120.88959999999999, 37.1103,209.16666666666666
2010-10-10T00:00:00.000-0700,370,-120.8896, 36.758300000000006, -120.5376, 37.1103,195.73958333333334
2010-10-10T00:00:00.000-0700,371,-120.5376, 36.758300000000006, -120.1856, 37.1103,195.41666666666666
2010-10-10T00:00:00.000-0700,372,-120.1856, 36.758300000000006, -119.83359999999999, 37.1103,205.5625
2010-10-10T00:00:00.000-0700,373,-119.8336, 36.758300000000006, -119.4816, 37.1103,204.81354166666665
2010-10-10T00:00:00.000-0700,374,-119.4816, 36.758300000000006, -119.1296, 37.1103,240.79166666666666
2010-10-10T00:00:00.000-0700,375,-119.1296, 36.758300000000006, -118.77759999999999, 37.1103,217.79166666666666
2010-10-10T00:00:00.000-0700,376,-118.77759999999999, 36.758300000000006, -118.42559999999999, 37.1103,233.66666666666666
2010-10-10T00:00:00.000-0700,377,-118.4256, 36.758300000000006, -118.0736, 37.1103,228.49958333333333
2010-10-10T00:00:00.000-0700,396,-122.2976, 37.1103, -121.9456, 37.4623,204.19444444444446
2010-10-10T00:00:00.000-0700,397,-121.9456, 37.1103, -121.5936, 37.4623,220.58333333333334
2010-10-10T00:00:00.000-0700,398,-121.5936, 37.1103, -121.24159999999999, 37.4623,211.75
2010-10-10T00:00:00.000-0700,399,-121.24159999999999, 37.1103, -120.88959999999999, 37.4623,173.45833333333334
2010-10-10T00:00:00.000-0700,400,-120.8896, 37.1103, -120.5376, 37.4623,199.91666666666666
2010-10-10T00:00:00.000-0700,401,-120.5376, 37.1103, -120.1856, 37.4623,195.33333333333334
2010-10-10T00:00:00.000-0700,403,-119.8336, 37.1103, -119.4816, 37.4623,202.03125
2010-10-10T00:00:00.000-0700,404,-119.4816, 37.1103, -119.1296, 37.4623,220.91666666666666
2010-10-10T00:00:00.000-0700,405,-119.1296, 37.1103, -118.77759999999999, 37.4623,158.91666666666666
2010-10-10T00:00:00.000-0700,406,-118.77759999999999, 37.1103, -118.42559999999999, 37.4623,209.08333333333334
2010-10-10T00:00:00.000-0700,407,-118.4256, 37.1103, -118.0736, 37.4623,206.69562499999998
2010-10-10T00:00:00.000-0700,425,-122.64959999999999, 37.4623, -122.29759999999999, 37.814299999999996,28.75
2010-10-10T00:00:00.000-0700,426,-122.2976, 37.4623, -121.9456, 37.814299999999996,167.55555555555554
2010-10-10T00:00:00.000-0700,427,-121.9456, 37.4623, -121.5936, 37.814299999999996,209.125
2010-10-10T00:00:00.000-0700,428,-121.5936, 37.4623, -121.24159999999999, 37.814299999999996,202.25
2010-10-10T00:00:00.000-0700,429,-121.24159999999999, 37.4623, -120.88959999999999, 37.814299999999996,196.70833333333334
2010-10-10T00:00:00.000-0700,430,-120.8896, 37.4623, -120.5376, 37.814299999999996,191.55555555555554
2010-10-10T00:00:00.000-0700,432,-120.1856, 37.4623, -119.83359999999999, 37.814299999999996,191.06944444444446
2010-10-10T00:00:00.000-0700,433,-119.8336, 37.4623, -119.4816, 37.814299999999996,225.44791666666666
2010-10-10T00:00:00.000-0700,435,-119.1296, 37.4623, -118.77759999999999, 37.814299999999996,192.875
2010-10-10T00:00:00.000-0700,436,-118.77759999999999, 37.4623, -118.42559999999999, 37.814299999999996,236.375
2010-10-10T00:00:00.000-0700,454,-123.0016, 37.8143, -122.64959999999999, 38.1663,194.16666666666666
2010-10-10T00:00:00.000-0700,455,-122.64959999999999, 37.8143, -122.29759999999999, 38.1663,209.55833333333334
2010-10-10T00:00:00.000-0700,456,-122.2976, 37.8143, -121.9456, 38.1663,186.63333333333333
2010-10-10T00:00:00.000-0700,457,-121.9456, 37.8143, -121.5936, 38.1663,219.70833333333334
2010-10-10T00:00:00.000-0700,458,-121.5936, 37.8143, -121.24159999999999, 38.1663,203.0
2010-10-10T00:00:00.000-0700,459,-121.24159999999999, 37.8143, -120.88959999999999, 38.1663,195.29166666666666
2010-10-10T00:00:00.000-0700,461,-120.5376, 37.8143, -120.1856, 38.1663,201.95833333333334
2010-10-10T00:00:00.000-0700,462,-120.1856, 37.8143, -119.83359999999999, 38.1663,202.70833333333334
2010-10-10T00:00:00.000-0700,463,-119.8336, 37.8143, -119.4816, 38.1663,194.91666666666666
2010-10-10T00:00:00.000-0700,466,-118.77759999999999, 37.8143, -118.42559999999999, 38.1663,230.04166666666666
2010-10-10T00:00:00.000-0700,484,-123.0016, 38.1663, -122.64959999999999, 38.518299999999996,186.65277777777777
2010-10-10T00:00:00.000-0700,485,-122.64959999999999, 38.1663, -122.29759999999999, 38.518299999999996,184.41666666666666
2010-10-10T00:00:00.000-0700,486,-122.2976, 38.1663, -121.9456, 38.518299999999996,181.0
2010-10-10T00:00:00.000-0700,487,-121.9456, 38.1663, -121.5936, 38.518299999999996,197.60416666666666
2010-10-10T00:00:00.000-0700,488,-121.5936, 38.1663, -121.24159999999999, 38.518299999999996,193.41666666666666
2010-10-10T00:00:00.000-0700,490,-120.8896, 38.1663, -120.5376, 38.518299999999996,201.29166666666666
2010-10-10T00:00:00.000-0700,491,-120.5376, 38.1663, -120.1856, 38.518299999999996,196.97916666666666
2010-10-10T00:00:00.000-0700,494,-119.4816, 38.1663, -119.1296, 38.518299999999996,251.45833333333334
2010-10-10T00:00:00.000-0700,514,-123.0016, 38.5183, -122.64959999999999, 38.8703,208.70833333333334
2010-10-10T00:00:00.000-0700,515,-122.64959999999999, 38.5183, -122.29759999999999, 38.8703,243.75
2010-10-10T00:00:00.000-0700,516,-122.2976, 38.5183, -121.9456, 38.8703,212.10416666666666
2010-10-10T00:00:00.000-0700,517,-121.9456, 38.5183, -121.5936, 38.8703,191.83333333333334
2010-10-10T00:00:00.000-0700,518,-121.5936, 38.5183, -121.24159999999999, 38.8703,148.83695652173913
2010-10-10T00:00:00.000-0700,519,-121.24159999999999, 38.5183, -120.88959999999999, 38.8703,200.29166666666666
2010-10-10T00:00:00.000-0700,520,-120.8896, 38.5183, -120.5376, 38.8703,202.63888888888889
2010-10-10T00:00:00.000-0700,521,-120.5376, 38.5183, -120.1856, 38.8703,221.35416666666666
2010-10-10T00:00:00.000-0700,522,-120.1856, 38.5183, -119.83359999999999, 38.8703,145.375
2010-10-10T00:00:00.000-0700,523,-119.8336, 38.5183, -119.4816, 38.8703,173.5
2010-10-10T00:00:00.000-0700,524,-119.4816, 38.5183, -119.1296, 38.8703,196.41666666666666
2010-10-10T00:00:00.000-0700,542,-123.7056, 38.8703, -123.3536, 39.2223,179.58333333333334
2010-10-10T00:00:00.000-0700,543,-123.3536, 38.8703, -123.0016, 39.2223,223.69791666666666
2010-10-10T00:00:00.000-0700,544,-123.0016, 38.8703, -122.64959999999999, 39.2223,231.10416666666666
2010-10-10T00:00:00.000-0700,545,-122.64959999999999, 38.8703, -122.29759999999999, 39.2223,228.83333333333334
2010-10-10T00:00:00.000-0700,548,-121.5936, 38.8703, -121.24159999999999, 39.2223,188.95833333333334
2010-10-10T00:00:00.000-0700,549,-121.24159999999999, 38.8703, -120.88959999999999, 39.2223,203.91666666666666
2010-10-10T00:00:00.000-0700,550,-120.8896, 38.8703, -120.5376, 39.2223,209.97222222222223
2010-10-10T00:00:00.000-0700,551,-120.5376, 38.8703, -120.1856, 39.2223,259.75
2010-10-10T00:00:00.000-0700,553,-119.8336, 38.8703, -119.4816, 39.2223,262.1666666666667
2010-10-10T00:00:00.000-0700,572,-123.7056, 39.222300000000004, -123.3536, 39.5743,143.95833333333334
2010-10-10T00:00:00.000-0700,574,-123.0016, 39.222300000000004, -122.64959999999999, 39.5743,157.08333333333334
2010-10-10T00:00:00.000-0700,575,-122.64959999999999, 39.222300000000004, -122.29759999999999, 39.5743,232.66666666666666
2010-10-10T00:00:00.000-0700,576,-122.2976, 39.222300000000004, -121.9456, 39.5743,182.04166666666666
2010-10-10T00:00:00.000-0700,578,-121.5936, 39.222300000000004, -121.24159999999999, 39.5743,201.72916666666666
2010-10-10T00:00:00.000-0700,579,-121.24159999999999, 39.222300000000004, -120.88959999999999, 39.5743,192.66666666666666
2010-10-10T00:00:00.000-0700,580,-120.8896, 39.222300000000004, -120.5376, 39.5743,232.08333333333334
2010-10-10T00:00:00.000-0700,582,-120.1856, 39.222300000000004, -119.83359999999999, 39.5743,248.0
2010-10-10T00:00:00.000-0700,602,-123.7056, 39.5743, -123.3536, 39.9263,180.20833333333334
2010-10-10T00:00:00.000-0700,603,-123.3536, 39.5743, -123.0016, 39.9263,198.91666666666666
2010-10-10T00:00:00.000-0700,604,-123.0016, 39.5743, -122.64959999999999, 39.9263,358.4583333333333
2010-10-10T00:00:00.000-0700,605,-122.64959999999999, 39.5743, -122.29759999999999, 39.9263,200.33333333333334
2010-10-10T00:00:00.000-0700,607,-121.9456, 39.5743, -121.5936, 39.9263,193.90277777777777
2010-10-10T00:00:00.000-0700,608,-121.5936, 39.5743, -121.24159999999999, 39.9263,179.54166666666666
2010-10-10T00:00:00.000-0700,610,-120.8896, 39.5743, -120.5376, 39.9263,289.2083333333333
2010-10-10T00:00:00.000-0700,630,-124.4096, 39.9263, -124.0576, 40.278299999999994,216.33333333333334
2010-10-10T00:00:00.000-0700,631,-124.0576, 39.9263, -123.70559999999999, 40.278299999999994,180.45833333333334
2010-10-10T00:00:00.000-0700,632,-123.7056, 39.9263, -123.3536, 40.278299999999994,154.25
2010-10-10T00:00:00.000-0700,633,-123.3536, 39.9263, -123.0016, 40.278299999999994,198.625
2010-10-10T00:00:00.000-0700,634,-123.0016, 39.9263, -122.64959999999999, 40.278299999999994,181.125
2010-10-10T00:00:00.000-0700,636,-122.2976, 39.9263, -121.9456, 40.278299999999994,189.20833333333334
2010-10-10T00:00:00.000-0700,638,-121.5936, 39.9263, -121.24159999999999, 40.278299999999994,171.125
2010-10-10T00:00:00.000-0700,639,-121.24159999999999, 39.9263, -120.88959999999999, 40.278299999999994,212.77083333333334
2010-10-10T00:00:00.000-0700,640,-120.8896, 39.9263, -120.5376, 40.278299999999994,215.70833333333334
2010-10-10T00:00:00.000-0700,641,-120.5376, 39.9263, -120.1856, 40.278299999999994,215.5625
2010-10-10T00:00:00.000-0700,642,-120.1856, 39.9263, -119.83359999999999, 40.278299999999994,222.41666666666666
2010-10-10T00:00:00.000-0700,662,-123.7056, 40.2783, -123.3536, 40.6303,213.29166666666666
2010-10-10T00:00:00.000-0700,663,-123.3536, 40.2783, -123.0016, 40.6303,215.09722222222223
2010-10-10T00:00:00.000-0700,664,-123.0016, 40.2783, -122.64959999999999, 40.6303,214.375
2010-10-10T00:00:00.000-0700,666,-122.2976, 40.2783, -121.9456, 40.6303,226.125
2010-10-10T00:00:00.000-0700,667,-121.9456, 40.2783, -121.5936, 40.6303,178.20833333333334
2010-10-10T00:00:00.000-0700,668,-121.5936, 40.2783, -121.24159999999999, 40.6303,197.72916666666666
2010-10-10T00:00:00.000-0700,669,-121.24159999999999, 40.2783, -120.88959999999999, 40.6303,196.20833333333334
2010-10-10T00:00:00.000-0700,671,-120.5376, 40.2783, -120.1856, 40.6303,202.5
2010-10-10T00:00:00.000-0700,672,-120.1856, 40.2783, -119.83359999999999, 40.6303,221.25
2010-10-10T00:00:00.000-0700,673,-119.8336, 40.2783, -119.4816, 40.6303,222.79166666666666
2010-10-10T00:00:00.000-0700,691,-124.0576, 40.630300000000005, -123.70559999999999, 40.9823,153.0
2010-10-10T00:00:00.000-0700,692,-123.7056, 40.630300000000005, -123.3536, 40.9823,167.58333333333334
2010-10-10T00:00:00.000-0700,693,-123.3536, 40.630300000000005, -123.0016, 40.9823,208.27083333333334
2010-10-10T00:00:00.000-0700,694,-123.0016, 40.630300000000005, -122.64959999999999, 40.9823,203.41666666666666
2010-10-10T00:00:00.000-0700,695,-122.64959999999999, 40.630300000000005, -122.29759999999999, 40.9823,218.91666666666666
2010-10-10T00:00:00.000-0700,698,-121.5936, 40.630300000000005, -121.24159999999999, 40.9823,190.25
2010-10-10T00:00:00.000-0700,699,-121.24159999999999, 40.630300000000005, -120.88959999999999, 40.9823,203.45833333333334
2010-10-10T00:00:00.000-0700,700,-120.8896, 40.630300000000005, -120.5376, 40.9823,193.625
2010-10-10T00:00:00.000-0700,701,-120.5376, 40.630300000000005, -120.1856, 40.9823,228.10416666666666
2010-10-10T00:00:00.000-0700,721,-124.0576, 40.9823, -123.70559999999999, 41.3343,146.01388888888889
2010-10-10T00:00:00.000-0700,722,-123.7056, 40.9823, -123.3536, 41.3343,176.8125
2010-10-10T00:00:00.000-0700,723,-123.3536, 40.9823, -123.0016, 41.3343,217.72916666666666
2010-10-10T00:00:00.000-0700,724,-123.0016, 40.9823, -122.64959999999999, 41.3343,-387.3958333333333
2010-10-10T00:00:00.000-0700,725,-122.64959999999999, 40.9823, -122.29759999999999, 41.3343,204.47916666666666
2010-10-10T00:00:00.000-0700,726,-122.2976, 40.9823, -121.9456, 41.3343,201.77083333333334
2010-10-10T00:00:00.000-0700,728,-121.5936, 40.9823, -121.24159999999999, 41.3343,196.25
2010-10-10T00:00:00.000-0700,730,-120.8896, 40.9823, -120.5376, 41.3343,183.3125
2010-10-10T00:00:00.000-0700,731,-120.5376, 40.9823, -120.1856, 41.3343,223.76388888888889
2010-10-10T00:00:00.000-0700,752,-123.7056, 41.3343, -123.3536, 41.686299999999996,183.0
2010-10-10T00:00:00.000-0700,754,-123.0016, 41.3343, -122.64959999999999, 41.686299999999996,188.0
2010-10-10T00:00:00.000-0700,755,-122.64959999999999, 41.3343, -122.29759999999999, 41.686299999999996,182.77083333333334
2010-10-10T00:00:00.000-0700,757,-121.9456, 41.3343, -121.5936, 41.686299999999996,187.70833333333334
2010-10-10T00:00:00.000-0700,758,-121.5936, 41.3343, -121.24159999999999, 41.686299999999996,200.04166666666666
2010-10-10T00:00:00.000-0700,760,-120.8896, 41.3343, -120.5376, 41.686299999999996,198.70833333333334
2010-10-10T00:00:00.000-0700,761,-120.5376, 41.3343, -120.1856, 41.686299999999996,176.16666666666666
2010-10-10T00:00:00.000-0700,781,-124.0576, 41.6863, -123.70559999999999, 42.0383,140.79591836734693
2010-10-10T00:00:00.000-0700,782,-123.7056, 41.6863, -123.3536, 42.0383,107.83333333333333
2010-10-10T00:00:00.000-0700,783,-123.3536, 41.6863, -123.0016, 42.0383,189.58333333333334
2010-10-10T00:00:00.000-0700,784,-123.0016, 41.6863, -122.64959999999999, 42.0383,210.85416666666666
2010-10-10T00:00:00.000-0700,786,-122.2976, 41.6863, -121.9456, 42.0383,161.5
2010-10-10T00:00:00.000-0700,788,-121.5936, 41.6863, -121.24159999999999, 42.0383,180.5
2010-10-10T00:00:00.000-0700,791,-120.5376, 41.6863, -120.1856, 42.0383,203.83333333333334
2010-10-10T00:00:00.000-0700,792,-120.1856, 41.6863, -119.83359999999999, 42.0383,215.75