date,index,min_long,min_lat,max_long,max_lat,training_data
2010-10-10T00:00:00.000-0700,20,-117.3696,32.5343,-117.0176,32.8863,0
2010-10-10T00:00:00.000-0700,25,-115.6096,32.5343,-115.2576,32.8863,0
2010-10-10T00:00:00.000-0700,54,-115.9616,32.8863,-115.6096,33.2383,0
2010-10-10T00:00:00.000-0700,55,-115.6096,32.8863,-115.2576,33.2383,0
2010-10-10T00:00:00.000-0700,107,-118.4256,33.5903,-118.0736,33.9423,0
2010-10-10T00:00:00.000-0700,109,-117.7216,33.5903,-117.3696,33.9423,0
2010-10-10T00:00:00.000-0700,110,-117.3696,33.5903,-117.0176,33.9423,0
2010-10-10T00:00:00.000-0700,111,-117.0176,33.5903,-116.6656,33.9423,0
2010-10-10T00:00:00.000-0700,112,-116.6656,33.5903,-116.3136,33.9423,0
2010-10-10T00:00:00.000-0700,113,-116.3136,33.5903,-115.9616,33.9423,0
2010-10-10T00:00:00.000-0700,135,-119.1296,33.9423,-118.7776,34.2943,0
2010-10-10T00:00:00.000-0700,136,-118.7776,33.9423,-118.4256,34.2943,0
2010-10-10T00:00:00.000-0700,137,-118.4256,33.9423,-118.0736,34.2943,0
2010-10-10T00:00:00.000-0700,138,-118.0736,33.9423,-117.7216,34.2943,0
2010-10-10T00:00:00.000-0700,139,-117.7216,33.9423,-117.3696,34.2943,0
2010-10-10T00:00:00.000-0700,163,-119.8336,34.2943,-119.4816,34.6463,0
2010-10-10T00:00:00.000-0700,166,-118.7776,34.2943,-118.4256,34.6463,1
2010-10-10T00:00:00.000-0700,170,-117.3696,34.2943,-117.0176,34.6463,0
2010-10-10T00:00:00.000-0700,191,-120.5376,34.6463,-120.1856,34.9983,0
2010-10-10T00:00:00.000-0700,197,-118.4256,34.6463,-118.0736,34.9983,0
2010-10-10T00:00:00.000-0700,220,-120.8896,34.9983,-120.5376,35.3503,0
2010-10-10T00:00:00.000-0700,227,-118.4256,34.9983,-118.0736,35.3503,0
2010-10-10T00:00:00.000-0700,254,-119.4816,35.3503,-119.1296,35.7023,0
2010-10-10T00:00:00.000-0700,255,-119.1296,35.3503,-118.7776,35.7023,1
2010-10-10T00:00:00.000-0700,285,-119.1296,35.7023,-118.7776,36.0543,0
2010-10-10T00:00:00.000-0700,314,-119.4816,36.0543,-119.1296,36.4063,0
2010-10-10T00:00:00.000-0700,341,-120.5376,36.4063,-120.1856,36.7583,0
2010-10-10T00:00:00.000-0700,343,-119.8336,36.4063,-119.4816,36.7583,1
2010-10-10T00:00:00.000-0700,372,-120.1856,36.7583,-119.8336,37.1103,0
2010-10-10T00:00:00.000-0700,373,-119.8336,36.7583,-119.4816,37.1103,0
2010-10-10T00:00:00.000-0700,428,-121.5936,37.4623,-121.2416,37.8143,0
2010-10-10T00:00:00.000-0700,429,-121.2416,37.4623,-120.8896,37.8143,0
2010-10-10T00:00:00.000-0700,488,-121.5936,38.1663,-121.2416,38.5183,0
2010-10-10T00:00:00.000-0700,517,-121.9456,38.5183,-121.5936,38.8703,0
2010-10-10T00:00:00.000-0700,518,-121.5936,38.5183,-121.2416,38.8703,0
2010-10-10T00:00:00.000-0700,607,-121.9456,39.5743,-121.5936,39.9263,0
